dataset: power
hyperparameters: ntree=200, minsplit=174, minbucket=87, maxdepth=5, seed=42, train_cores=8
seed=42, N=250
LL_per_dim:
dim01: -0.984858
dim02: -2.644750
dim03: -2.448217
dim04: -0.320523
dim05: -0.560827
dim06: -2.575811
sum: -9.534986
sum_se: 0.374927
sum_total: -2383.746621
sum_total_se: 93.731718
time_sec: train=0.368, test=6.252, total=6.620
memory_peak_mb: 305.5
