dataset: power
hyperparameters: ntree=200, minsplit=174, minbucket=87, maxdepth=5, seed=42, train_cores=8
seed=42, N=100
LL_per_dim:
dim01: -0.794044
dim02: -2.614616
dim03: -2.250139
dim04: -0.349185
dim05: -0.547681
dim06: -2.490236
sum: -9.045901
sum_se: 0.535175
sum_total: -904.590060
sum_total_se: 53.517533
time_sec: train=0.270, test=1.501, total=1.771
memory_peak_mb: 279.5
