dataset: power
hyperparameters: ntree=200, minsplit=174, minbucket=87, maxdepth=5, seed=42, train_cores=8
seed=42, N=1000
LL_per_dim:
dim01: -1.006595
dim02: -2.507538
dim03: -1.441583
dim04: -0.015834
dim05: -0.488707
dim06: -1.779087
sum: -7.239345
sum_se: 0.286850
sum_total: -1809.836158
sum_total_se: 71.712510
time_sec: train=91.972, test=21.087, total=113.059
memory_peak_mb: 508.2
