dataset: power
hyperparameters: ntree=200, minsplit=174, minbucket=87, maxdepth=5, seed=42, train_cores=8
seed=42, N=2500
LL_per_dim:
dim01: -0.984234
dim02: -2.461080
dim03: -1.400803
dim04: 0.019616
dim05: -0.609982
dim06: -1.733779
sum: -7.170263
sum_se: 0.195561
sum_total: -3585.131315
sum_total_se: 97.780355
time_sec: train=91.845, test=43.133, total=134.978
memory_peak_mb: 460.9
