dataset: gas
hyperparameters: ntree=200, minsplit=200, minbucket=100, maxdepth=5, seed=42, train_cores=8
seed=42, N=25
LL_per_dim:
dim01: -1.131279
dim02: 0.388800
dim03: -1.414263
dim04: -1.482586
dim05: -1.465150
dim06: -1.318230
dim07: -1.448529
dim08: -1.408063
sum: -9.279302
sum_se: 0.666466
sum_total: -231.982538
sum_total_se: 16.661660
time_sec: train=0.278, test=0.479, total=0.757
memory_peak_mb: 277.4
